aperture: f/2.2
camera: 'Pixel 7a'
Orientation: 1
horizontalResolution: 72
verticalResolution: 72
software: 'HDR+ 1.0.604778939zdh'
exposure: 1/101
iso: 51
creationdate: 2024-02-29T11:20:56+01:00
focalLength: 1.835
ColorSpace: 1
gps: '46.9883305556,7.46263333333'
