aperture: f/1.8
camera: 'iPhone SE (3rd generation)'
Orientation: 1
horizontalResolution: 72
verticalResolution: 72
software: 18.4.1
exposure: 1/1567
iso: 32
creationdate: 2025-05-23T17:57:28+02:00
focalLength: 3.99
ColorSpace: 65535
gps: '47.0051472222,7.07485'
