aperture: f/1.9
camera: 'Pixel 7a'
Orientation: 1
horizontalResolution: 72
verticalResolution: 72
software: 'HDR+ 1.0.641377693zd'
exposure: 1/33
iso: 483
creationdate: 2024-06-28T21:31:09+02:00
focalLength: 5.43
ColorSpace: 1
gps: '46.7924583333,7.38854166667'
