aperture: f/2.2
camera: 'Pixel 7a'
Orientation: 1
horizontalResolution: 72
verticalResolution: 72
software: 'HDR+ 1.0.611900660zd'
exposure: 1/2604
iso: 54
creationdate: 2024-04-06T13:50:58+02:00
focalLength: 1.835
ColorSpace: 1
gps: '46.7879083333,7.39995833333'
