aperture: f/1.8
Orientation: 0
camera: LG-H815
software: 'p1_global_com-user 6.0 MRA58K 152940055675e release-keys'
exposure: 1/1429
iso: 50
focalLength: 4.42
creationdate: 2017-09-27T16:06:11+02:00
ColorSpace: 1
gps: '46.8676869722,7.770073'
