aperture: f/1.8
Orientation: 0
camera: LG-H815
horizontalResolution: 72
software: 'p1_global_com-user 6.0 MRA58K 152940055675e release-keys'
verticalResolution: 72
exposure: 1/325
creationdate: 2017-05-24T09:04:41+02:00
ColorSpace: 1
iso: 50
focalLength: 4.42
gps: '47.0103129722,7.780388'
