aperture: f/1.8
camera: ELE-L29
Orientation: 0
horizontalResolution: 72
verticalResolution: 72
software: 'ELE-L29 12.0.0.134(C432E3R2P2)'
exposure: 1/2959
iso: 50
creationdate: 2022-06-18T14:45:19+02:00
focalLength: 5.58
ColorSpace: 1
gps: '46.7827873228,7.40173006056'
