aperture: f/1.9
camera: 'Pixel 8a'
Orientation: 1
horizontalResolution: 72
verticalResolution: 72
software: 'HDR+ 1.0.748116481zd'
exposure: 1/2222
iso: 47
creationdate: 2025-08-13T14:02:48+02:00
focalLength: 5.43
ColorSpace: 65535
gps: '47.0064888889,7.07042222222'
