aperture: f/2.2
camera: 'Pixel 8a'
Orientation: 1
horizontalResolution: 72
verticalResolution: 72
software: 'HDR+ 1.0.748116481zd'
exposure: 1/1070
iso: 46
creationdate: 2025-08-13T14:00:28+02:00
focalLength: 1.835
ColorSpace: 65535
gps: '47.0064888889,7.07042222222'
