aperture: f/1.9
camera: 'Pixel 7a'
Orientation: 1
horizontalResolution: 72
verticalResolution: 72
software: 'HDR+ 1.0.641377693zd'
exposure: 1/259
iso: 75
creationdate: 2024-06-21T21:02:59+02:00
focalLength: 5.43
ColorSpace: 1
gps: '46.7869611111,7.39552777778'
