aperture: f/2.2
camera: 'Pixel 7a'
Orientation: 1
horizontalResolution: 72
verticalResolution: 72
software: 'HDR+ 1.0.734407124zd'
exposure: 1/641
iso: 50
creationdate: 2025-04-01T18:52:53+02:00
focalLength: 1.835
ColorSpace: 65535
gps: '46.7891722222,7.40176388889'
