aperture: f/2.2
camera: 'Pixel 7a'
Orientation: 1
horizontalResolution: 72
verticalResolution: 72
software: 'HDR+ 1.0.641377693zd'
exposure: 1/33
iso: 117
creationdate: 2024-08-12T20:37:29+02:00
focalLength: 1.835
ColorSpace: 1
gps: '46.7876277778,7.39703888889'
