camera: XQ-BQ52
Orientation: 0
software: Picasa
horizontalResolution: 72
verticalResolution: 72
exposure: 1/2500
iso: 64
creationdate: 2023-05-04T15:35:42+02:00
ColorSpace: 1
gps: '46.9616083333,9.56714722222'
