aperture: f/2.0
camera: Phone
verticalResolution: 72
horizontalResolution: 72
ColorSpace: 1
focalLength: 3.64
creationdate: 2016-04-14T08:56:22+02:00
iso: 50
exposure: 1/226
gps: '46.8077918611,7.51310708333'
