camera: 'HTC Desire'
horizontalResolution: 72
verticalResolution: 72
creationdate: 2012-04-18T09:03:39+02:00
focalLength: 4.31
ColorSpace: 1
gps: '47.1105013056,8.23493038889'
