aperture: f/1.9
camera: 'Pixel 7a'
Orientation: 1
horizontalResolution: 72
verticalResolution: 72
software: 'HDR+ 1.0.621982163zd'
exposure: 1/1127
iso: 47
creationdate: 2024-06-01T17:57:22+02:00
focalLength: 5.43
ColorSpace: 1
gps: '46.7836638889,7.42569722222'
