aperture: f/1.9
camera: 'Pixel 7a'
Orientation: 1
horizontalResolution: 72
verticalResolution: 72
software: 'HDR+ 1.0.710329745zd'
exposure: 1/1366
iso: 51
creationdate: 2025-03-10T12:25:09+01:00
focalLength: 5.43
ColorSpace: 65535
gps: '47.4559361111,7.93797777778'
