aperture: f/2.4
verticalResolution: 72
horizontalResolution: 72
exposure: 1/702
iso: 100
ColorSpace: 1
focalLength: 4.6
gps: '47.2175083333,7.80273055556'
