aperture: f/1.8
Orientation: 0
camera: LG-H815
horizontalResolution: 72
software: 'p1_global_com-user 6.0 MRA58K 152940055675e release-keys'
verticalResolution: 72
exposure: 1/120
creationdate: 2017-06-27T08:36:48+02:00
ColorSpace: 1
iso: 99
focalLength: 4.42
gps: '46.8777419722,7.44953897222'
