aperture: f/2.0
camera: Phone
verticalResolution: 72
horizontalResolution: 72
ColorSpace: 1
focalLength: 3.64
creationdate: 2016-04-24T18:57:08+02:00
iso: 50
exposure: 1/127
gps: '46.7883309167,7.40138105556'
