aperture: f/2.2
camera: ELE-L29
Orientation: 0
horizontalResolution: 72
verticalResolution: 72
software: 'ELE-L29 11.0.0.174(C432E11R2P3)'
exposure: 1/1248
iso: 50
creationdate: 2022-05-02T15:14:07+02:00
focalLength: 2.26
ColorSpace: 1
gps: '47.1192398069,7.97110939'
