aperture: f/1.8
Orientation: 0
camera: LG-H815
horizontalResolution: 72
software: 'p1_global_com-user 6.0 MRA58K 152940055675e release-keys'
verticalResolution: 72
exposure: 1/1003
creationdate: 2017-05-24T17:35:12+02:00
ColorSpace: 1
iso: 50
focalLength: 4.42
gps: '46.97675,7.70723997222'
