aperture: f/1.8
camera: ELE-L29
Orientation: 0
horizontalResolution: 72
verticalResolution: 72
software: 'ELE-L29 10.1.0.150(C432E22R2P5)'
exposure: 1/822
iso: 50
creationdate: 2020-10-15T15:13:43+02:00
focalLength: 5.58
ColorSpace: 1
gps: '46.8874359131,7.55806350694'
