aperture: f/2.2
camera: VTR-L09
Orientation: 0
horizontalResolution: 72
verticalResolution: 72
software: 'VTR-L09 8.0.0.365(C432)'
exposure: 1/390
iso: 50
creationdate: 2018-04-22T18:45:13+02:00
focalLength: 3.95
ColorSpace: 1
gps: '46.8022155761,7.39290618889'
