aperture: f/2.2
camera: ELE-L29
Orientation: 0
horizontalResolution: 72
verticalResolution: 72
software: 'ELE-L29 10.0.0.195(C432E22R2P5)'
exposure: 1/354
iso: 50
creationdate: 2020-06-18T08:02:45+02:00
focalLength: 2.26
ColorSpace: 1
gps: '46.9964179992,7.46174573889'
