aperture: f/1.8
camera: LG-H815
horizontalResolution: 72
verticalResolution: 72
software: 'p1_global_com-user 6.0 MRA58K 152940055675e release-keys'
exposure: 1/10
iso: 414
creationdate: 2017-11-10T17:02:06+01:00
focalLength: 4.42
ColorSpace: 1
gps: '46.788733,7.400717'
