aperture: f/1.8
camera: ELE-L29
Orientation: 0
horizontalResolution: 72
verticalResolution: 72
software: 'ELE-L29 11.0.0.156(C432E10R2P3)'
exposure: 1/2387
iso: 50
creationdate: 2021-06-13T18:57:27+02:00
focalLength: 5.58
ColorSpace: 1
gps: '46.8409576414,7.40079212167'
