aperture: f/1.9
camera: 'Pixel 8a'
Orientation: 1
horizontalResolution: 72
verticalResolution: 72
software: 'HDR+ 1.0.748116481zd'
exposure: 1/1481
iso: 47
creationdate: 2025-08-13T14:04:20+02:00
focalLength: 5.43
ColorSpace: 65535
gps: '47.0064333333,7.07110277778'
