aperture: f/2.2
camera: VTR-L09
Orientation: 0
horizontalResolution: 72
verticalResolution: 72
software: 'VTR-L09 8.0.0.365(C432)'
exposure: 1/850
iso: 50
creationdate: 2018-04-24T15:44:34+02:00
focalLength: 3.95
ColorSpace: 1
gps: '46.7867507933,7.40420818306'
