aperture: f/2.2
camera: VTR-L09
Orientation: 0
horizontalResolution: 72
verticalResolution: 72
software: 'VTR-L09 9.0.1.163(C432E1R1P9)'
exposure: 1/50
iso: 100
creationdate: 2019-05-09T06:16:00+02:00
focalLength: 3.95
ColorSpace: 1
gps: '46.7870750425,7.39910030361'
