aperture: f/2.2
camera: VTR-L09
Orientation: 0
horizontalResolution: 72
verticalResolution: 72
software: 'VTR-L09 8.0.0.382(C432)'
exposure: 1/50
iso: 100
creationdate: 2019-01-29T09:38:06+01:00
focalLength: 3.95
ColorSpace: 1
gps: '46.9882698058,7.46194553361'
