aperture: f/2.2
camera: VTR-L09
Orientation: 0
horizontalResolution: 72
verticalResolution: 72
software: 'VTR-L09 8.0.0.365(C432)'
exposure: 1/614
iso: 50
creationdate: 2018-05-06T19:05:53+02:00
focalLength: 3.95
ColorSpace: 1
gps: '46.7814331053,7.39918661111'
