aperture: f/2.2
camera: VTR-L09
Orientation: 0
horizontalResolution: 72
verticalResolution: 72
software: 'VTR-L09 8.0.0.384(C432)'
exposure: 1/1658
iso: 50
creationdate: 2019-03-22T10:25:45+01:00
focalLength: 3.95
ColorSpace: 1
gps: '47.0857124328,8.25321102139'
