aperture: f/2.4
camera: XT910
verticalResolution: 72
horizontalResolution: 72
exposure: 1/600
iso: 100
ColorSpace: 1
focalLength: 4.6
gps: '47.4024561111,7.74589777778'
