aperture: f/2.0
camera: MotoG3
verticalResolution: 72
horizontalResolution: 72
ColorSpace: 1
focalLength: 3.64
creationdate: 2017-03-02T14:00:40+01:00
iso: 50
exposure: 1/1389
gps: '47.2140105278,7.84352988889'
